-0.290481 -0.589897 -0.0137986 -0.844764 -0.525076 -0.103289
-0.277949 -0.445978 -0.0113801 -0.15721 -0.0202848 -0.987357
-0.270223 -0.602531 -0.0101691 -0.150528 -0.0135914 -0.988513
-0.257792 -0.491087 -0.00804377 -0.131386 0.0214234 -0.9911
-0.246075 -0.708126 -0.00477791 -0.124779 0.0381578 -0.991451
-0.183177 -0.744737 0.00272381 -0.0902767 0.0171149 -0.99577
-0.184158 -0.583506 0.00365508 -0.662306 -0.505467 -0.553041
-0.12732 -0.745923 0.00368458 -0.893256 -0.207923 -0.398574
-0.175702 -0.519142 0.00385171 -0.136834 0.0223819 -0.990341
-0.136352 -0.496602 0.00960487 -0.132562 0.0551383 -0.98964
-0.144308 -0.448985 0.00999302 -0.152627 0.0888244 -0.984284
-0.193452 -0.575153 0.0105461 -0.517014 -0.356841 -0.77805
-0.117493 -0.712653 0.0120059 -0.356827 0.410085 -0.839348
-0.0284964 -0.423598 0.0125403 -0.965793 0.181952 -0.184766
-0.11048 -0.560737 0.0128285 -0.111765 0.0114265 -0.993669
-0.0974408 -0.63534 0.0147502 -0.150546 -0.00685223 -0.988579
-0.139632 -0.594709 0.0149906 0.292018 0.0997942 -0.951192
-0.158158 -0.715399 0.0151077 0.438972 0.203986 -0.875039
-0.0994608 -0.48203 0.0156693 -0.133018 0.0400163 -0.990306
-0.0794087 -0.587087 0.0182706 -0.133114 -0.00241728 -0.991098
-0.0742278 -0.540995 0.0185023 -0.145661 0.011136 -0.989272
-0.0673221 -0.451122 0.0220379 -0.139137 0.0408656 -0.98943
-0.100238 -0.525354 0.0222629 -0.913606 -0.100409 -0.394009
-0.0394809 -0.712515 0.0237663 0.372146 0.867269 -0.330684
-0.137916 -0.744943 0.0246543 -0.1303 -0.0102734 -0.991421
-0.107929 -0.457602 0.0254577 -0.622264 -0.722633 -0.300978
-0.0158784 -0.636968 0.0285168 -0.136661 -0.00624424 -0.990598
-0.0107225 -0.598794 0.0291262 -0.0845217 -0.000441592 -0.996422
-0.204331 -0.631772 0.02983 -0.0830041 -0.0111013 -0.996487
-0.0864355 -0.746777 0.0325385 -0.125874 -0.0187009 -0.99187
0.0259869 -0.448788 0.0413498 -0.986379 -0.0477003 -0.157422
0.0502536 -0.539738 0.0423087 -0.242071 0.953194 -0.181171
0.0629874 -0.448246 0.0430888 -0.110711 -0.0118759 -0.993782
-0.0231068 -0.689521 0.0431312 0.652392 -0.228655 -0.722566
0.00421889 -0.556472 0.0462088 -0.144184 0.0214579 -0.989318
0.102131 -0.490141 0.0479882 0.796732 0.47918 -0.368245
0.11945 -0.712754 0.0503679 -0.126899 0.00941877 -0.991871
-0.0594965 -0.747459 0.0519677 -0.142233 -0.00109809 -0.989833
0.00433384 -0.702115 0.0520232 -0.458592 -0.0364825 -0.887898
0.136977 -0.458648 0.0528184 -0.173833 0.00717037 -0.984749
0.049815 -0.478676 0.0532272 0.314255 -0.052152 -0.947905
0.143099 -0.500902 0.0535692 -0.18579 0.0180338 -0.982424
0.0377085 -0.753189 0.0546322 -0.548543 0.678184 -0.489047
0.163238 -0.682455 0.0567647 -0.162664 -0.0171415 -0.986533
0.0667614 -0.645791 0.0578375 -0.162375 -0.0740773 -0.983944
0.172901 -0.571556 0.0586452 -0.139872 -0.0228479 -0.989906
0.174241 -0.649239 0.059476 -0.165251 -0.971012 -0.172703
-0.000629975 -0.738295 0.0613813 -0.149016 0.0196166 -0.98864
0.0946674 -0.552068 0.0616624 -0.0779257 0.0289235 -0.99654
0.170939 -0.4585 0.0625375 0.127834 -0.796415 -0.591086
0.100164 -0.450237 0.0629024 -0.133472 0.0519251 -0.989691
0.102774 -0.588664 0.063481 -0.0586476 -0.00840712 -0.998244
0.0847981 -0.615274 0.0658274 -0.650833 0.444247 -0.615679
0.0527047 -0.573854 0.0685335 -0.0970298 0.0143118 -0.995179
0.174381 -0.448284 0.0697529 -0.0692717 -0.530377 -0.844927
0.172169 -0.611374 0.0735096 -0.230965 -0.0349732 -0.972333
0.0801759 -0.523871 0.0735219 -0.154793 -0.0175441 -0.987791
